202 chr20 60060 chr20 60472 10 29 100
245 chr20 60111 chr20 60355 01 100 0
45 chr20 60138 chr20 60411 01 100 0
196 chr20 60152 chr20 60395 01 100 0
197 chr20 60155 chr20 60387 01 100 0
1 chr20 60175 chr20 60411 01 100 0
51 chr20 60180 chr20 60329 10 33 100
52 chr20 60180 chr20 60335 10 2 100
53 chr20 60180 chr20 60341 10 40 100
54 chr20 60180 chr20 60343 10 15 100
56 chr20 60180 chr20 60345 10 12 100
57 chr20 60180 chr20 60355 10 5 100
61 chr20 60180 chr20 60367 10 38 100
62 chr20 60180 chr20 60371 10 13 100
66 chr20 60180 chr20 60387 10 41 100
68 chr20 60180 chr20 60395 10 37 100
76 chr20 60180 chr20 60416 10 27 100
89 chr20 60180 chr20 60453 10 40 100
55 chr20 60183 chr20 60344 10 0 100
59 chr20 60183 chr20 60365 10 0 100
50 chr20 60185 chr20 60319 10 32 100
63 chr20 60186 chr20 60373 10 0 100
82 chr20 60186 chr20 60440 10 0 100
60 chr20 60193 chr20 60366 10 0 100
67 chr20 60194 chr20 60393 10 0 100
49 chr20 60195 chr20 60309 10 0 100
198 chr20 60201 chr20 60363 01 100 0
70 chr20 60201 chr20 60401 10 0 100
72 chr20 60202 chr20 60407 10 0 100
65 chr20 60204 chr20 60381 10 0 100
74 chr20 60206 chr20 60415 10 0 100
115 chr20 60209 chr20 60480 10 0 70
247 chr20 60211 chr20 60427 01 100 0
64 chr20 60217 chr20 60375 10 0 100
83 chr20 60220 chr20 60443 10 0 100
79 chr20 60229 chr20 60424 10 0 100
108 chr20 60231 chr20 60480 10 0 93
58 chr20 60233 chr20 60358 10 0 100
85 chr20 60237 chr20 60449 10 0 100
99 chr20 60239 chr20 60466 10 0 100
86 chr20 60241 chr20 60450 10 0 100
107 chr20 60242 chr20 60480 10 0 100
26 chr20 60243 chr7 138801524 11 100 0
46 chr20 60245 chr20 60180 01 100 36
73 chr20 60248 chr20 60413 10 0 100
87 chr20 60248 chr20 60451 10 0 100
95 chr20 60248 chr20 60462 10 0 100
123 chr20 60249 chr20 60480 10 0 57
75 chr20 60250 chr20 60415 10 0 100
97 chr20 60255 chr20 60464 10 0 100
71 chr20 60260 chr20 60403 10 0 100
181 chr20 60263 chr20 179934 10 0 100
111 chr20 60264 chr20 60480 10 0 85
69 chr20 60264 chr20 60399 10 0 100
77 chr20 60265 chr20 60418 10 0 100
96 chr20 60265 chr20 60463 10 0 100
47 chr20 60268 chr20 60180 01 100 44
80 chr20 60269 chr20 60435 10 0 100
90 chr20 60269 chr20 60458 10 0 100
48 chr20 60270 chr20 60180 01 100 13
78 chr20 60270 chr20 60423 10 0 100
35 chr20 60275 chr20 179942 10 0 92
88 chr20 60276 chr20 60451 10 0 100
100 chr20 60280 chr20 60469 10 0 100
120 chr20 60286 chr20 60480 10 0 64
110 chr20 60292 chr20 60480 10 0 86
101 chr20 60295 chr20 60471 10 0 100
93 chr20 60298 chr20 60459 10 0 100
94 chr20 60298 chr20 60460 10 0 100
91 chr20 60301 chr20 60458 10 0 100
98 chr20 60301 chr20 60464 10 0 100
104 chr20 60303 chr20 60472 10 0 100
102 chr20 60305 chr20 60471 10 0 100
28 chr20 60309 chr20 179933 10 0 100
185 chr20 60313 chr20 179942 10 0 94
116 chr20 60314 chr20 60480 10 0 70
122 chr20 60314 chr20 60480 10 0 58
84 chr20 60315 chr20 60448 10 0 100
112 chr20 60317 chr20 60480 10 0 79
92 chr20 60317 chr20 60458 10 0 100
29 chr20 60319 chr20 179935 10 0 100
117 chr20 60322 chr20 60480 10 0 70
109 chr20 60324 chr20 60479 10 0 86
242 chr20 60325 chr20 179942 10 0 61
31 chr20 60339 chr20 179944 10 0 100
106 chr20 60343 chr20 60479 10 0 100
113 chr20 60345 chr20 60480 10 0 72
188 chr20 60347 chr20 179942 10 0 84
105 chr20 60348 chr20 60476 10 0 100
119 chr20 60349 chr20 60480 10 0 65
124 chr20 60350 chr20 60480 10 0 51
184 chr20 60350 chr20 179943 10 0 100
222 chr20 60351 chr7 138801523 11 100 0
30 chr20 60352 chr20 179937 10 0 100
194 chr20 60354 chr20 179942 10 0 64
221 chr20 60354 chr20 179926 10 0 100
221 chr20 60354 chr7 138801526 11 100 0
221 chr20 60354 chrX 135254190 10 0 100
231 chr20 60354 chr20 179941 10 0 87
34 chr20 60355 chr20 179942 10 0 95
121 chr20 60357 chr20 60480 10 0 62
225 chr20 60361 chr20 179938 10 0 100
41 chr20 60361 chr20 179942 10 0 61
223 chr20 60363 chr1 242352615 11 100 0
223 chr20 60363 chr20 179934 10 0 100
27 chr20 60366 chr7 138801522 11 100 0
246 chr20 60368 chr20 179942 10 0 46
229 chr20 60369 chr20 179942 10 0 94
36 chr20 60373 chr20 179942 10 0 86
227 chr20 60374 chr20 179942 10 0 100
38 chr20 60374 chr20 179942 10 0 81
180 chr20 60375 chr11 101912985 11 100 0
126 chr20 60376 chr20 60778 10 0 100
118 chr20 60381 chr20 60480 10 0 70
129 chr20 60381 chr20 60811 10 0 100
228 chr20 60383 chr20 179942 10 0 95
236 chr20 60385 chr20 179940 10 0 71
127 chr20 60388 chr20 60784 10 0 100
239 chr20 60389 chr20 179942 10 0 63
131 chr20 60390 chr20 60824 10 0 100
187 chr20 60390 chr20 179942 10 0 90
37 chr20 60390 chr2 102279629 10 0 68
114 chr20 60392 chr20 60480 10 0 71
186 chr20 60392 chr20 179942 10 0 92
40 chr20 60392 chr20 179942 10 0 66
189 chr20 60393 chr20 179942 10 0 80
130 chr20 60395 chr20 60814 10 0 100
238 chr20 60395 chr20 179942 10 0 65
240 chr20 60397 chr10 108666027 10 0 60
32 chr20 60397 chr20 179942 10 0 97
195 chr20 60399 chr20 179942 10 0 58
224 chr20 60407 chr20 179937 10 0 100
237 chr20 60407 chr20 179942 10 0 69
183 chr20 60408 chr20 179941 10 0 100
2 chr20 60410 chr20 179880 01 100 24
241 chr20 60412 chr20 179942 10 0 63
199 chr20 60414 chr20 179880 01 100 47
244 chr20 60414 chr20 179942 10 0 52
233 chr20 60418 chr20 179942 10 0 82
226 chr20 60420 chr20 179941 10 0 100
190 chr20 60421 chr20 179942 10 0 78
230 chr20 60424 chr20 179942 10 0 92
3 chr20 60428 chr12 71428453 01 100 49
3 chr20 60428 chr7 138801573 00 100 0
81 chr20 60437 chr20 60346 01 100 0
200 chr20 60443 chr20 179880 01 100 10
4 chr20 60450 chr20 179880 01 100 6
201 chr20 60452 chr20 179880 01 100 45
248 chr20 60456 chr20 179880 01 100 42
5 chr20 60460 chr19 7575922 01 100 20
6 chr20 60460 chr20 179884 01 100 18
103 chr20 60471 chr20 60376 01 100 0
157 chr20 60471 chr20 179880 01 100 31
203 chr20 60473 chr20 179889 01 100 42
158 chr20 60474 chr13 45068434 00 100 30
7 chr20 60474 chr20 179884 01 100 24
159 chr20 60475 chr20 179880 01 100 24
14 chr20 60476 chr20 179888 01 53 0
160 chr20 60477 chr1 179796803 00 100 26
204 chr20 60478 chr20 179880 01 100 28
8 chr20 60478 chr20 179880 01 100 2
10 chr20 60480 chr20 179880 01 82 24
11 chr20 60480 chr20 179882 01 80 34
125 chr20 60480 chr20 60720 01 49 9
12 chr20 60480 chr20 179880 01 78 27
13 chr20 60480 chr20 179882 01 59 0
162 chr20 60480 chr20 179880 01 85 14
163 chr20 60480 chr20 179880 01 80 25
164 chr20 60480 chr11 126765281 00 75 4
164 chr20 60480 chr2 210578847 00 75 4
164 chr20 60480 chrX 23749516 00 75 4
165 chr20 60480 chr20 179880 01 67 5
166 chr20 60480 chr20 179880 01 63 49
166 chr20 60480 chr7 138801573 00 63 0
167 chr20 60480 chr20 179880 01 63 9
168 chr20 60480 chr14 78511491 00 59 10
168 chr20 60480 chrX 99699158 01 59 30
169 chr20 60480 chr20 179880 01 59 18
170 chr20 60480 chr20 179880 01 57 45
205 chr20 60480 chr20 179880 01 89 31
206 chr20 60480 chr20 179883 01 88 15
207 chr20 60480 chr20 179880 01 64 39
208 chr20 60480 chr20 179880 01 62 22
209 chr20 60480 chr7 138801573 00 60 0
210 chr20 60480 chr20 179880 01 57 36
211 chr20 60480 chr20 179880 01 49 13
249 chr20 60480 chr20 179880 01 81 45
9 chr20 60480 chr20 179884 01 95 0
161 chr20 60482 chr20 179880 01 100 31
139 chr20 60719 chr20 60866 10 0 100
128 chr20 60720 chr20 60796 10 32 100
132 chr20 60720 chr20 60825 10 31 100
134 chr20 60720 chr20 60846 10 23 100
135 chr20 60720 chr20 60846 10 21 100
136 chr20 60720 chr20 60854 10 11 100
137 chr20 60720 chr20 60858 10 30 100
145 chr20 60720 chr20 60877 10 13 100
147 chr20 60720 chr20 60897 10 43 100
150 chr20 60720 chr20 60900 10 39 93
152 chr20 60720 chr20 60900 10 35 91
155 chr20 60720 chr20 60900 10 0 56
191 chr20 60720 chr10 108666027 10 49 74
191 chr20 60720 chr22 23977677 11 100 26
192 chr20 60720 chr20 179942 10 41 76
193 chr20 60720 chr20 179942 10 13 67
232 chr20 60720 chr20 179942 10 36 87
234 chr20 60720 chr10 97731006 11 100 19
243 chr20 60720 chr20 179942 10 9 60
25 chr20 60720 chr20 61080 10 35 92
33 chr20 60720 chr20 179942 10 15 96
39 chr20 60720 chr20 179937 10 40 73
42 chr20 60720 chr20 179942 10 51 61
43 chr20 60720 chr20 179942 10 32 54
44 chr20 60720 chr20 179942 10 3 54
138 chr20 60721 chr20 60862 10 27 100
182 chr20 60722 chr20 179938 10 39 100
141 chr20 60723 chr20 60870 10 0 100
140 chr20 60725 chr20 60866 10 0 100
144 chr20 60726 chr20 60876 10 0 100
133 chr20 60728 chr20 60829 10 0 100
143 chr20 60736 chr20 60875 10 0 100
153 chr20 60742 chr20 60900 10 0 82
148 chr20 60745 chr20 60901 10 0 100
151 chr20 60748 chr20 60900 10 0 92
156 chr20 60748 chr20 60900 10 0 48
149 chr20 60750 chr20 60900 10 0 95
142 chr20 60764 chr20 60871 10 0 100
235 chr20 60766 chr20 179942 10 0 75
250 chr20 60769 chr20 61023 01 100 0
171 chr20 60771 chr20 179880 01 100 45
172 chr20 60772 chr20 179880 01 100 49
172 chr20 60772 chr7 138801573 00 100 0
212 chr20 60775 chr20 60983 01 100 0
213 chr20 60775 chr20 61017 01 100 0
214 chr20 60778 chr20 179880 01 100 29
215 chr20 60779 chr20 61012 01 100 0
15 chr20 60783 chr20 179880 01 100 26
173 chr20 60783 chr20 179880 01 100 41
216 chr20 60786 chr20 179887 01 100 0
16 chr20 60796 chr20 179880 01 100 7
174 chr20 60797 chr20 179880 01 100 20
175 chr20 60799 chr20 179880 01 100 44
17 chr20 60799 chr20 61004 01 100 0
217 chr20 60800 chr20 179880 01 100 43
176 chr20 60807 chr20 179881 01 100 0
218 chr20 60807 chr20 179888 01 100 0
177 chr20 60811 chr20 61028 01 100 0
18 chr20 60811 chr20 61002 01 100 0
19 chr20 60811 chr20 179887 01 100 0
154 chr20 60815 chr20 60900 10 0 77
20 chr20 60816 chr20 179895 01 100 0
178 chr20 60825 chr20 179880 01 100 7
21 chr20 60825 chr20 179880 01 100 5
22 chr20 60833 chr20 179880 01 100 24
219 chr20 60836 chr20 179886 01 100 0
23 chr20 60852 chr20 179889 01 100 0
179 chr20 60855 chr20 179880 01 100 26
24 chr20 60856 chr20 179880 01 100 17
220 chr20 60868 chr20 179883 01 100 0
146 chr20 60879 chr20 60781 01 100 0
223 chrUn_gl000237 8066 chr20 60363 11 55 0
