202 1
245 2
45 2
196 2
197 2
1 2
51 1
52 1
53 1
54 1
56 1
57 1
61 1
62 1
66 1
68 1
76 1
89 1
55 1
59 1
50 1
63 1
82 1
60 1
67 1
49 1
198 2
70 1
72 1
65 1
74 1
115 1
247 2
64 1
83 1
79 1
108 1
58 1
85 1
99 1
86 1
107 1
26 3
46 2
73 1
87 1
95 1
123 1
75 1
97 1
71 1
181 4
111 1
69 1
77 1
96 1
47 2
80 1
90 1
48 2
78 1
35 4
88 1
100 1
120 1
110 1
101 1
93 1
94 1
91 1
98 1
104 1
102 1
28 4
185 4
116 1
122 1
84 1
112 1
92 1
29 4
117 1
109 1
242 4
31 4
106 1
113 1
188 4
105 1
119 1
124 1
184 4
222 3
30 4
194 4
221 4
221 3
221 5
231 4
34 4
121 1
225 4
41 4
223 6
223 4
27 3
246 4
229 4
36 4
227 4
38 4
180 7
126 1
118 1
129 1
228 4
236 4
127 1
239 4
131 1
187 4
37 8
114 1
186 4
40 4
189 4
130 1
238 4
240 9
32 4
195 4
224 4
237 4
183 4
2 10
241 4
199 10
244 4
233 4
226 4
190 4
230 4
3 11
3 12
81 2
200 10
4 10
201 10
248 10
5 13
6 10
103 2
157 10
203 10
158 14
7 10
159 10
14 10
160 15
204 10
8 10
10 10
11 10
125 2
12 10
13 10
162 10
163 10
164 16
164 17
164 18
165 10
166 10
166 12
167 10
168 19
168 20
169 10
170 10
205 10
206 10
207 10
208 10
209 12
210 10
211 10
249 10
9 10
161 10
139 1
128 1
132 1
134 1
135 1
136 1
137 1
145 1
147 1
150 1
152 1
155 1
191 9
191 21
192 4
193 4
232 4
234 22
243 4
25 1
33 4
39 4
42 4
43 4
44 4
138 1
182 4
141 1
140 1
144 1
133 1
143 1
153 1
148 1
151 1
156 1
149 1
142 1
235 4
250 2
171 10
172 10
172 12
212 2
213 2
214 10
215 2
15 10
173 10
216 10
16 10
174 10
175 10
17 2
217 10
176 10
218 10
177 2
18 2
19 10
154 1
20 10
178 10
21 10
22 10
219 10
23 10
179 10
24 10
220 10
146 2
223 23
