100 1
101 1
102 1
104 1
105 1
106 1
107 1
108 1
109 1
110 1
111 1
112 1
113 1
114 1
115 1
116 1
117 1
118 1
119 1
120 1
121 1
122 1
123 1
124 1
126 1
127 1
128 1
129 1
130 1
131 1
132 1
133 1
134 1
135 1
136 1
137 1
138 1
139 1
140 1
141 1
142 1
143 1
144 1
145 1
147 1
148 1
149 1
150 1
151 1
152 1
153 1
154 1
155 1
156 1
202 1
25 1
49 1
50 1
51 1
52 1
53 1
54 1
55 1
56 1
57 1
58 1
59 1
60 1
61 1
62 1
63 1
64 1
65 1
66 1
67 1
68 1
69 1
70 1
71 1
72 1
73 1
74 1
75 1
76 1
77 1
78 1
79 1
80 1
82 1
83 1
84 1
85 1
86 1
87 1
88 1
89 1
90 1
91 1
92 1
93 1
94 1
95 1
96 1
97 1
98 1
99 1
103 2
1 2
125 2
146 2
17 2
177 2
18 2
196 2
197 2
198 2
212 2
213 2
215 2
245 2
247 2
250 2
45 2
46 2
47 2
48 2
81 2
221 3
222 3
26 3
27 3
181 4
182 4
183 4
184 4
185 4
186 4
187 4
188 4
189 4
190 4
192 4
193 4
194 4
195 4
221 4
223 4
224 4
225 4
226 4
227 4
228 4
229 4
230 4
231 4
232 4
233 4
235 4
236 4
237 4
238 4
239 4
241 4
242 4
243 4
244 4
246 4
28 4
29 4
30 4
31 4
32 4
33 4
34 4
35 4
36 4
38 4
39 4
40 4
41 4
42 4
43 4
44 4
221 5
223 6
180 7
37 8
191 9
240 9
10 10
11 10
12 10
13 10
14 10
15 10
157 10
159 10
16 10
161 10
162 10
163 10
165 10
166 10
167 10
169 10
170 10
171 10
172 10
173 10
174 10
175 10
176 10
178 10
179 10
19 10
199 10
200 10
20 10
201 10
203 10
204 10
205 10
206 10
207 10
208 10
2 10
210 10
21 10
211 10
214 10
216 10
217 10
218 10
219 10
220 10
22 10
23 10
24 10
248 10
249 10
4 10
6 10
7 10
8 10
9 10
3 11
166 12
172 12
209 12
3 12
5 13
158 14
160 15
164 16
164 17
164 18
168 19
168 20
191 21
234 22
223 23
